1921 1 0 102
1921 2 0 42
1921 3 0 19.2
1921 4 0 60.9
1921 5 0 122
1921 6 0 87
1921 7 0 117.6
1921 8 0 179.8
1921 9 0 37.3
1921 10 0 1.4
1921 11 0 14.5
1921 12 0 3.5
1922 1 0 53
1922 2 0 15
1922 3 0 248
1922 4 0 198
1922 5 0 100
1922 6 0 114.5
1922 7 0 133
1922 8 0 93
1922 9 0 210.6
1922 10 0 183.8
1922 11 0 5
1922 12 0 281
1923 1 0 33
1923 2 0 26
1923 3 0 48
1923 4 0 181
1923 5 0 120.2
1923 6 0 175
1923 7 0 97.8
1923 8 0 77.6
1923 9 0 183.2
1923 10 0 198.4
1923 11 0 244
1923 12 0 44
1924 1 0 102
1924 2 0 35
1924 3 0 56
1924 4 0 126
1924 5 0 213.4
1924 6 0 181
1924 7 0 193.8
1924 8 0 187.6
1924 9 0 192.2
1924 10 0 95.4
1924 11 0 0.2
1924 12 0 88
1925 1 0 7
1925 2 0 265
1925 3 0 188
1925 4 0 150
1925 5 0 149.8
1925 6 0 95.2
1925 7 0 151.4
1925 8 0 181.6
1925 9 0 102
1925 10 0 147.6
1925 11 0 94.4
1925 12 0 78
1926 1 0 72
1926 2 0 99.5
1926 3 0 87.8
1926 4 0 238.6
1926 5 0 318
1926 6 0 238.7
1926 7 0 113
1926 8 0 106.2
1926 9 0 64.6
1926 10 0 320.8
1926 11 0 562.9
1926 12 0 8.5
1927 1 0 177
1927 2 0 28.1
1927 3 0 109.9
1927 4 0 67.5
1927 5 0 153.8
1927 6 0 193.6
1927 7 0 170.6
1927 8 0 111.4
1927 9 0 295.2
1927 10 0 58.8
1927 11 0 370.2
1927 12 0 59
1928 1 0 46.7
1928 2 0 4.6
1928 3 0 161.2
1928 4 0 157.5
1928 5 0 185
1928 6 0 111.2
1928 7 0 94.6
1928 8 0 110.6
1928 9 0 161
1928 10 0 470.8
1928 11 0 213.5
1928 12 0 37.4
1929 1 0 39
1929 2 0 21.5
1929 3 0 4.5
1929 4 0 110.5
1929 5 0 227.4
1929 6 0 128.8
1929 7 0 116
1929 8 0 188.8
1929 9 0 44.8
1929 10 0 180.2
1929 11 0 100.9
1929 12 0 134.8
1930 1 0 33.5
1930 2 0 36.1
1930 3 0 83.6
1930 4 0 163.8
1930 5 0 163.8
1930 6 0 142.4
1930 7 0 255
1930 8 0 136.2
1930 9 0 204.2
1930 10 0 74.6
1930 11 0 57.8
1930 12 0 16.1
1931 1 0 21.6
1931 2 0 157
1931 3 0 78.3
1931 4 0 81.8
1931 5 0 159.5
1931 6 0 124
1931 7 0 80.8
1931 8 0 134.6
1931 9 0 100
1931 10 0 224.2
1931 11 0 203
1931 12 0 17.4
1932 1 0 11.6
1932 2 0 11.2
1932 3 0 40
1932 4 0 132.4
1932 5 0 187
1932 6 0 129.8
1932 7 0 215.2
1932 8 0 51.7
1932 9 0 99.8
1932 10 0 249.8
1932 11 0 89.4
1932 12 0 65
1933 1 0 34.8
1933 2 0 20.8
1933 3 0 66.6
1933 4 0 114.4
1933 5 0 210.6
1933 6 0 249.8
1933 7 0 102.2
1933 8 0 116.4
1933 9 0 179.2
1933 10 0 221.2
1933 11 0 167.8
1933 12 0 72.8
1934 1 0 55.8
1934 2 0 42.4
1934 3 0 230.2
1934 4 0 199.2
1934 5 0 204
1934 6 0 170.2
1934 7 0 112
1934 8 0 297
1934 9 0 111.4
1934 10 0 74.2
1934 11 0 309
1934 12 0 103.2
1935 1 0 21.8
1935 2 0 126
1935 3 0 17.4
1935 4 0 124
1935 5 0 266.9
1935 6 0 83.4
1935 7 0 118
1935 8 0 215.6
1935 9 0 76.8
1935 10 0 372.7
1935 11 0 249.6
1935 12 0 178.2
1936 1 0 119.4
1936 2 0 100.6
1936 3 0 108.4
1936 4 0 162
1936 5 0 160
1936 6 0 160.3
1936 7 0 153.6
1936 8 0 100
1936 9 0 100.4
1936 10 0 30
1936 11 0 59.4
1936 12 0 64.2
1937 1 0 40.4
1937 2 0 51
1937 3 0 348.9
1937 4 0 84.6
1937 5 0 136.7
1937 6 0 231.6
1937 7 0 163.6
1937 8 0 222.6
1937 9 0 272
1937 10 0 285.4
1937 11 0 51.3
1937 12 0 122.6
1938 1 0 5.6
1938 2 0 12.9
1938 3 0 21.4
1938 4 0 18.6
1938 5 0 187.1
1938 6 0 230
1938 7 0 146.7
1938 8 0 189
1938 9 0 138.6
1938 10 0 90.8
1938 11 0 152.6
1938 12 0 114
1939 1 0 74.2
1939 2 0 13
1939 3 0 6.2
1939 4 0 188.8
1939 5 0 217.5
1939 6 0 179.2
1939 7 0 228.6
1939 8 0 225
1939 9 0 254.4
1939 10 0 190.4
1939 11 0 90
1939 12 0 65.4
1940 1 0 27.3
1940 2 0 14
1940 3 0 65.7
1940 4 0 31.4
1940 5 0 236.3
1940 6 0 157.2
1940 7 0 264.6
1940 8 0 65.4
1940 9 0 142.2
1940 10 0 285.4
1940 11 0 261
1940 12 0 0
1941 1 0 116
1941 2 0 73.2
1941 3 0 98.1
1941 4 0 166.4
1941 5 0 231.2
1941 6 0 137
1941 7 0 156.4
1941 8 0 182.6
1941 9 0 39.4
1941 10 0 47.4
1941 11 0 195.6
1941 12 0 16.7
1942 1 0 6.4
1942 2 0 49.1
1942 3 0 25.2
1942 4 0 104.2
1942 5 0 91.3
1942 6 0 203.2
1942 7 0 167.8
1942 8 0 82
1942 9 0 306
1942 10 0 82.4
1942 11 0 138
1942 12 0 80.4
1943 1 0 14.3
1943 2 0 40.4
1943 3 0 29.8
1943 4 0 29.2
1943 5 0 157.2
1943 6 0 90.2
1943 7 0 198.5
1943 8 0 90.4
1943 9 0 164.6
1943 10 0 80
1943 11 0 40
1943 12 0 60
1944 1 0 5
1944 2 0 13.1
1944 3 0 45
1944 4 0 48.7
1944 5 0 124.8
1944 6 0 218.8
1944 7 0 222.2
1944 8 0 113.6
1944 9 0 80
1944 10 0 184.2
1944 11 0 44.1
1944 12 0 73
1945 1 0 46
1945 2 0 1.5
1945 3 0 76
1945 4 0 41.2
1945 5 0 133.4
1945 6 0 99.6
1945 7 0 96.7
1945 8 0 185.4
1945 9 0 88.4
1945 10 0 21.8
1945 11 0 52.4
1945 12 0 148
1946 1 0 100.6
1946 2 0 38
1946 3 0 135.1
1946 4 0 57.2
1946 5 0 191
1946 6 0 249.3
1946 7 0 137.6
1946 8 0 147.4
1946 9 0 41.1
1946 10 0 30.4
1946 11 0 79.6
1946 12 0 32.6
1947 1 0 9
1947 2 0 181.7
1947 3 0 253.9
1947 4 0 50.7
1947 5 0 129.6
1947 6 0 140.6
1947 7 0 130.6
1947 8 0 141.5
1947 9 0 155.6
1947 10 0 25
1947 11 0 120.8
1947 12 0 105.7
1948 1 0 143.9
1948 2 0 46.3
1948 3 0 0
1948 4 0 154.3
1948 5 0 118
1948 6 0 183.1
1948 7 0 149.1
1948 8 0 143.2
1948 9 0 47.5
1948 10 0 151.2
1948 11 0 10.5
1948 12 0 13
1949 1 0 92.2
1949 2 0 0
1949 3 0 12.3
1949 4 0 95.9
1949 5 0 192.3
1949 6 0 116.7
1949 7 0 93.6
1949 8 0 118.3
1949 9 0 96.1
1949 10 0 60.3
1949 11 0 273.4
1949 12 0 77.5
1950 1 0 26.5
1950 2 0 112.5
1950 3 0 16.8
1950 4 0 225.2
1950 5 0 113.1
1950 6 0 137.9
1950 7 0 82.1
1950 8 0 148.9
1950 9 0 151.6
1950 10 0 48.2
1950 11 0 134
1950 12 0 198.3
1951 1 0 257.1
1951 2 0 313.7
1951 3 0 131
1951 4 0 80.4
1951 5 0 53
1951 6 0 97.2
1951 7 0 111.3
1951 8 0 50
1951 9 0 110
1951 10 0 90.4
1951 11 0 444.4
1951 12 0 15.4
1952 1 0 22.4
1952 2 0 27.6
1952 3 0 41.8
1952 4 0 175.4
1952 5 0 119.8
1952 6 0 184.6
1952 7 0 208.8
1952 8 0 168.5
1952 9 0 231.8
1952 10 0 285.8
1952 11 0 93.4
1952 12 0 54.8
1953 1 0 22.8
1953 2 0 17.2
1953 3 0 1.6
1953 4 0 103
1953 5 0 74.2
1953 6 0 174
1953 7 0 221.8
1953 8 0 225.4
1953 9 0 143.6
1953 10 0 437.8
1953 11 0 18.8
1953 12 0 48.2
1954 1 0 56
1954 2 0 53.4
1954 3 0 126.2
1954 4 0 108.4
1954 5 0 208.2
1954 6 0 267
1954 7 0 95.4
1954 8 0 161.4
1954 9 0 55
1954 10 0 59.6
1954 11 0 46.4
1954 12 0 200.4
1955 1 0 33
1955 2 0 108.4
1955 3 0 67.4
1955 4 0 9.6
1955 5 0 201.2
1955 6 0 187.2
1955 7 0 164.4
1955 8 0 159.4
1955 9 0 151.6
1955 10 0 90.8
1955 11 0 65.6
1955 12 0 42.8
1956 1 0 36.2
1956 2 0 12.6
1956 3 0 77.8
1956 4 0 246.5
1956 5 0 76.6
1956 6 0 207.8
1956 7 0 124.8
1956 8 0 130.4
1956 9 0 135.2
1956 10 0 132.4
1956 11 0 40.6
1956 12 0 3.4
1957 1 0 67.2
1957 2 0 78.6
1957 3 0 40.3
1957 4 0 86.8
1957 5 0 187.4
1957 6 0 199.2
1957 7 0 224.4
1957 8 0 215.2
1957 9 0 70.4
1957 10 0 115.2
1957 11 0 186.1
1957 12 0 124.2
1958 1 0 28.5
1958 2 0 108.2
1958 3 0 26.4
1958 4 0 140.8
1958 5 0 94.4
1958 6 0 162.2
1958 7 0 158.6
1958 8 0 145.8
1958 9 0 46.8
1958 10 0 136
1958 11 0 237.4
1958 12 0 210.4
1959 1 0 11
1959 2 0 0.2
1959 3 0 135
1959 4 0 136.2
1959 5 0 162.8
1959 6 0 196.2
1959 7 0 111.8
1959 8 0 107.2
1959 9 0 31.2
1959 10 0 248.2
1959 11 0 236.6
1959 12 0 160
1960 1 0 68.5
1960 2 0 77.1
1960 3 0 98.6
1960 4 0 34.2
1960 5 0 73.2
1960 6 0 180.8
1960 7 0 198.1
1960 8 0 160.8
1960 9 0 386
1960 10 0 335.8
1960 11 0 139.8
1960 12 0 219.1
1961 1 0 75.6
1961 2 0 19.2
1961 3 0 6.8
1961 4 0 130.2
1961 5 0 131.2
1961 6 0 179.2
1961 7 0 158.6
1961 8 0 53.6
1961 9 0 21.4
1961 10 0 163.6
1961 11 0 215.4
1961 12 0 31.9
1962 1 0 70.4
1962 2 0 25.2
1962 3 0 80.8
1962 4 0 139.6
1962 5 0 190
1962 6 0 111.4
1962 7 0 178
1962 8 0 88.8
1962 9 0 30.4
1962 10 0 63
1962 11 0 269.4
1962 12 0 36.2
1963 1 0 42
1963 2 0 34.6
1963 3 0 99
1963 4 0 121.2
1963 5 0 133.8
1963 6 0 142.4
1963 7 0 183.8
1963 8 0 253.4
1963 9 0 111.8
1963 10 0 72.6
1963 11 0 354.2
1963 12 0 53
1964 1 0 1.5
1964 2 0 11.7
1964 3 0 103.4
1964 4 0 119.8
1964 5 0 82.2
1964 6 0 179.8
1964 7 0 80.6
1964 8 0 121.8
1964 9 0 19.2
1964 10 0 297.2
1964 11 0 89.2
1964 12 0 124.2
1965 1 0 40.2
1965 2 0 0.2
1965 3 0 86.2
1965 4 0 87
1965 5 0 190.8
1965 6 0 128.2
1965 7 0 109.2
1965 8 0 180.6
1965 9 0 409.4
1965 10 0 4.8
1965 11 0 91.7
1965 12 0 36.6
1966 1 0 16.6
1966 2 0 76.4
1966 3 0 41.6
1966 4 0 98.2
1966 5 0 125.6
1966 6 0 157.6
1966 7 0 180
1966 8 0 349.3
1966 9 0 68.6
1966 10 0 216.9
1966 11 0 247.4
1966 12 0 75.9
1967 1 0 1
1967 2 0 56.6
1967 3 0 46.8
1967 4 0 145.4
1967 5 0 177.6
1967 6 0 109
1967 7 0 155.8
1967 8 0 151.8
1967 9 0 202.3
1967 10 0 47.6
1967 11 0 202.8
1967 12 0 29
1968 1 0 10.4
1968 2 0 127
1968 3 0 43
1968 4 0 104.2
1968 5 0 194.6
1968 6 0 235.6
1968 7 0 45.6
1968 8 0 214.9
1968 9 0 163.7
1968 10 0 21.2
1968 11 0 320.6
1968 12 0 30.4
1969 1 0 138.4
1969 2 0 54
1969 3 0 41.4
1969 4 0 37
1969 5 0 97
1969 6 0 153
1969 7 0 25.4
1969 8 0 150.7
1969 9 0 93.2
1969 10 0 7
1969 11 0 171.4
1969 12 0 10.2
1970 1 0 87.9
1970 2 0 19.4
1970 3 0 77.8
1970 4 0 91
1970 5 0 98.8
1970 6 0 115.7
1970 7 0 182.6
1970 8 0 197.6
1970 9 0 53.2
1970 10 0 37
1970 11 0 151.2
1970 12 0 74
1971 1 0 67.5
1971 2 0 60.3
1971 3 0 106.2
1971 4 0 69.6
1971 5 0 164
1971 6 0 143.8
1971 7 0 47.6
1971 8 0 33.2
1971 9 0 51.4
1971 10 0 30.8
1971 11 0 214.4
1971 12 0 31.2
1972 1 0 67
1972 2 0 129.7
1972 3 0 101
1972 4 0 134.8
1972 5 0 136
1972 6 0 235
1972 7 0 177
1972 8 0 44
1972 9 0 96
1972 10 0 42
1972 11 0 38
1972 12 0 75.8
1973 1 0 47
1973 2 0 13.2
1973 3 0 9.4
1973 4 0 146.2
1973 5 0 98.8
1973 6 0 156
1973 7 0 175.4
1973 8 0 180.8
1973 9 0 171.6
1973 10 0 155
1973 11 0 16
1973 12 0 80.6
1974 1 0 4.6
1974 2 0 51.8
1974 3 0 115
1974 4 0 103
1974 5 0 90.9
1974 6 0 254.2
1974 7 0 88.6
1974 8 0 184.4
1974 9 0 126.2
1974 10 0 56.2
1974 11 0 45.6
1974 12 0 5.4
1975 1 0 35.8
1975 2 0 12.2
1975 3 0 220.6
1975 4 0 161.8
1975 5 0 231
1975 6 0 153.6
1975 7 0 115.8
1975 8 0 199.9
1975 9 0 113.6
1975 10 0 46
1975 11 0 28.3
1975 12 0 10.4
1976 1 0 1.6
1976 2 0 7
1976 3 0 2.4
1976 4 0 58.6
1976 5 0 66
1976 6 0 45
1976 7 0 263
1976 8 0 118.2
1976 9 0 337.6
1976 10 0 326.2
1976 11 0 122.2
1976 12 0 67
1977 1 0 377.4
1977 2 0 124.4
1977 3 0 160.6
1977 4 0 61.8
1977 5 0 275.8
1977 6 0 112.2
1977 7 0 209.8
1977 8 0 239.2
1977 9 0 63.2
1977 10 0 40.8
1977 11 0 53.6
1977 12 0 47.8
1978 1 0 229.4
1978 2 0 142.2
1978 3 0 48.4
1978 4 0 142.2
1978 5 0 258
1978 6 0 171.8
1978 7 0 206
1978 8 0 103.4
1978 9 0 66
1978 10 0 222.2
1978 11 0 19
1978 12 0 92
1979 1 0 138
1979 2 0 120.2
1979 3 0 218.2
1979 4 0 127.8
1979 5 0 90
1979 6 0 189
1979 7 0 114.2
1979 8 0 154.8
1979 9 0 193.4
1979 10 0 244
1979 11 0 130
1979 12 0 169.4
1980 1 0 41.4
1980 2 0 30.2
1980 3 0 97.2
1980 4 0 20.4
1980 5 0 118.6
1980 6 0 133.2
1980 7 0 135.8
1980 8 0 99.8
1980 9 0 19.2
1980 10 0 382.4
1980 11 0 53
1980 12 0 29.6
1981 1 0 3.4
1981 2 0 6.8
1981 3 0 150.6
1981 4 0 65.6
1981 5 0 186.8
1981 6 0 129.8
1981 7 0 202
1981 8 0 69.6
1981 9 0 274.4
1981 10 0 192.2
1981 11 0 0.2
1981 12 0 127
1982 1 0 27.6
1982 2 0 13.2
1982 3 0 44.6
1982 4 0 35
1982 5 0 177.4
1982 6 0 135
1982 7 0 169.8
1982 8 0 204.4
1982 9 0 87.4
1982 10 0 201.4
1982 11 0 196
1982 12 0 112.2
1983 1 0 17.2
1983 2 0 18.4
1983 3 0 78
1983 4 0 109.4
1983 5 0 275.8
1983 6 0 106.6
1983 7 0 45.4
1983 8 0 114
1983 9 0 176.2
1983 10 0 80.2
1983 11 0 16.2
1983 12 0 120.2
1984 1 0 21
1984 2 0 90.8
1984 3 0 90
1984 4 0 81.8
1984 5 0 300.2
1984 6 0 113.4
1984 7 0 62.4
1984 8 0 130.4
1984 9 0 259.2
1984 10 0 128.2
1984 11 0 61.8
1984 12 0 83.6
1985 1 0 141.2
1985 2 0 7
1985 3 0 140.6
1985 4 0 72
1985 5 0 175.6
1985 6 0 131.4
1985 7 0 85.4
1985 8 0 159.4
1985 9 0 27.2
1985 10 0 58.4
1985 11 0 101.8
1985 12 0 54.8
1986 1 0 75.8
1986 2 0 131.6
1986 3 0 59.6
1986 4 0 237.8
1986 5 0 108.2
1986 6 0 144.8
1986 7 0 81.2
1986 8 0 141
1986 9 0 69.8
1986 10 0 38.2
1986 11 0 44.4
1986 12 0 20.4
1987 1 0 46.8
1987 2 0 111
1987 3 0 45.6
1987 4 0 98.4
1987 5 0 212
1987 6 0 153.8
1987 7 0 221.8
1987 8 0 175
1987 9 0 90.6
1987 10 0 278.8
1987 11 0 164.8
1987 12 0 29.8
1988 1 0 118
1988 2 0 49.8
1988 3 0 22.4
1988 4 0 100.6
1988 5 0 187.4
1988 6 0 193
1988 7 0 120.4
1988 8 0 149.2
1988 9 0 61.2
1988 10 0 136.4
1988 11 0 10
1988 12 0 59.4
1989 1 0 0
1989 2 0 152.6
1989 3 0 46.2
1989 4 0 365.4
1989 5 0 77.4
1989 6 0 241.6
1989 7 0 302.8
1989 8 0 114.4
1989 9 0 65.4
1989 10 0 12.8
1989 11 0 145
1989 12 0 110.6
1990 1 0 51.6
1990 2 0 12.4
1990 3 0 65.8
1990 4 0 127
1990 5 0 74.4
1990 6 0 175
1990 7 0 143.8
1990 8 0 90.8
1990 9 0 106
1990 10 0 153
1990 11 0 326.6
1990 12 0 106
